1 1.8978 2
2 2.7586 3
3 4.3192 4
4 5.3129 5
5 5.1351 6
6 6.9699 7
7 7.8351 8
8 9.6277 9
9 11.093 10
10 12.109 11
11 11.136 12
12 13.077 13
13 12.786 14
14 13.886 15
15 15.993 16
16 18.533 17
17 17.23 18
18 19.371 19
19 19.774 20
20 22.117 21
21 20.911 22
22 23.033 23
23 24.553 24
24 26.101 25
25 27.544 26
26 27.086 27
27 26.508 28
28 28.258 29
29 28.938 30
30 33.35 31
31 31.384 32
32 33.748 33
33 33.808 34
34 35.889 35
35 35.235 36
36 35.598 37
37 36.578 38
38 39.488 39
39 39.823 40
40 40.804 41
41 43.419 42
42 43.292 43
43 44.198 44
44 46.588 45
45 45.196 46
46 47.697 47
47 48.835 48
48 48.756 49
49 50.216 50
50 49.834 51
